-103880449
-142012602
-78559482
-53588569
-47004450
-87867539
-58130538
-49619406
-73083764
-164709688
-99682958
-25227307
-139677327
-133987585
-88798465
-131157242
-41331223
-62161815
-76356462
-122029638
-119939152
-89965395
-119555125
-17906558
-208760992
-165658480
-85171221
-84888665
-215953284
-66343129
-215720393
-60528922
-128431723
-122759706
-86445780
-179379038
-88294369
-194894401
-80390109
-86529259
-191274611
-91802384
-142464598
-66184037
-94879762
-80610066
-55215615
-79067401
-98753792
-64546971
-57123381
-144546938
-31283784
-146006585
-80110611
-54447369
-58169729
-130591079
-187102851
-73589028
-55669341
-74905346
-79275974
-54914014
-26844543
-56414536
-50555626
-166463581
-32130801
-82450095
-41939351
-115699387
-65314134
-83077374
-55023456
-83195901
-37609359
-66830065
-65312914
-59677629
-134332694
-74999880
-194169928
-115400928
-161229492
-25967645